tinymt32 0x8f7011ee 0xfc78ff1f 0x3793fdff seed = 1
32-bit unsigned integers r, where 0 <= r < 2^32
2545341989  981918433 3715302833 2387538352 3591001365 
3820442102 2114400566 2196103051 2783359912  764534509 
 643179475 1822416315  881558334 4207026366 3690273640 
3240535687 2921447122 3984931427 4092394160   44209675 
2188315343 2908663843 1834519336 3774670961 3019990707 
4065554902 1239765502 4035716197 3412127188  552822483 
 161364450  353727785  140085994  149132008 2547770827 
4064042525 4078297538 2057335507  622384752 2041665899 
2193913817 1080849512   33160901  662956935  642999063 
3384709977 1723175122 3866752252  521822317 2292524454 
init_by_array {1}
float numbers r, where 0.0 <= r < 1.0
0.0132459 0.2083899 0.1457998 0.1144078 0.6173239 
0.0522397 0.9873815 0.1503184 0.4039059 0.6909348 
0.0908061 0.0637298 0.5002118 0.1056944 0.0936889 
0.0609041 0.0725737 0.7802556 0.8761556 0.5714422 
0.1706455 0.4046335 0.4131218 0.2825145 0.8249400 
0.4180385 0.2152816 0.4346161 0.4916836 0.5997444 
0.9118822 0.1928336 0.7523277 0.9890286 0.7421532 
0.9053972 0.3542482 0.9161059 0.1209783 0.8205475 
0.8592415 0.8379903 0.6638085 0.8796422 0.8608698 
0.9255103 0.6475281 0.7260162 0.8757523 0.0845953 
float numbers r, where 1.0 <= r < 2.0
1.6180767 1.8378111 1.7666160 1.2583882 1.6962934 
1.6468527 1.8065972 1.5554585 1.4074975 1.0875973 
1.9197918 1.4574956 1.6669209 1.8137155 1.3395888 
1.7431080 1.0419986 1.7254776 1.8457749 1.7100438 
1.9055752 1.1819330 1.8549275 1.9305544 1.1244931 
1.2847148 1.8663290 1.4107596 1.1664802 1.1365448 
1.4102769 1.9013107 1.9665589 1.2195582 1.7036947 
1.3244984 1.3074670 1.4314530 1.3307399 1.4553448 
1.2322005 1.3248408 1.6282554 1.6237093 1.9553823 
1.2515985 1.2902025 1.8261194 1.7116343 1.0828516 
float numbers r, where 0.0 < r <= 1.0
0.5059415 0.4334422 0.2916688 0.1254190 0.9642754 
0.9491148 0.3184565 0.7561387 0.5250012 0.5671672 
0.8671196 0.8243424 0.2261078 0.0393196 0.6735550 
0.3985791 0.6557347 0.4224766 0.9904247 0.6121919 
0.3421907 0.5195524 0.1240922 0.0341858 0.8125353 
0.3006201 0.7078809 0.9415598 0.4075085 0.1908746 
0.0857260 0.6455914 0.9701015 0.9965364 0.7802777 
0.3110815 0.9830619 0.4033393 0.2131064 0.9034473 
0.8109300 0.0202459 0.7181786 0.6251086 0.9327632 
0.2076811 0.8886514 0.1991719 0.3343620 0.0160369 
float numbers r, where 0.0 < r < 1.0
0.2879077 0.4296597 0.5092508 0.1848801 0.2880858 
0.0651935 0.3751863 0.0701393 0.5690755 0.3165368 
0.4965249 0.7642087 0.9641796 0.3617412 0.3523663 
0.9606308 0.0167102 0.5216812 0.0030257 0.5311421 
0.4574190 0.7324089 0.6944851 0.5772613 0.8115000 
0.7247738 0.4804112 0.2418035 0.7592722 0.6093816 
0.8261853 0.3984851 0.6038121 0.5826200 0.8501660 
0.7738785 0.5165633 0.4993628 0.5390285 0.7940377 
0.7773107 0.8215872 0.1287390 0.5596071 0.4022938 
0.4097179 0.9490551 0.7692381 0.5208994 0.5815488 
32-bit precision double numbers r, where 0.0 <= r < 1.0
0.7539236 0.5481222 0.0172183 0.3837643 0.5756599 
0.1929102 0.6351089 0.1388986 0.2030107 0.5359519 
0.7981051 0.8822425 0.5865937 0.9584195 0.9073083 
0.6073984 0.8127721 0.7480494 0.9829171 0.6296897 
0.2040328 0.0169487 0.5349101 0.7498615 0.4206887 
0.4468912 0.6781071 0.5027536 0.4000009 0.2352459 
0.3784646 0.8087857 0.3579345 0.6030602 0.2197811 
0.9718446 0.5287687 0.7941138 0.9504710 0.3413823 
0.1003661 0.8295220 0.6224558 0.9157780 0.4195939 
0.2126820 0.8094530 0.1176150 0.1643152 0.2755433 
